<<<<<<< HEAD
1 1 1
2 2 2
3 3 3
4 4 4
5 5 5
6 6 6
7 7 7
8 8 8
9 9 9
10 10 10
11 11 11
12 12 12
=======
0.999978882928 -0.76250910759 0.175543546677
0.999943140747 -2.54303312302 0.198037862778
0.99995432083 -4.05917787552 0.212064266205
0.709210965531 -4.45216751099 1.38351392746
0.715525517248 -3.95401263237 3.78137993813
0.00216648104074 -3.04000639915 5.07778978348
-0.00851450816522 -0.739683866501 5.05078268051
-0.718591274837 0.16211605072 3.89449548721
-0.690824229652 0.117513895035 1.72275841236
0.999940186044 -1.02341175079 2.63801693916
0.999915833633 -3.20888018608 2.75265145302
-0.714077007817 -2.29176974297 1.39933228493
>>>>>>> bf2f882a3579f14a9377cbc078fb039af28a97b5
